MEME version 4

ALPHABET= ACGT

strands: + -

Background letter frequencies

A 0.25 C 0.25 G 0.25 T 0.25

MOTIF TFAP2A_M0082_1.02
letter-probability matrix: alength=4 w=10
0.220377 0.335405 0.102037 0.342181 
0.111784 0.193750 0.669524 0.024942 
0.009553 0.989147 0.000370 0.000929 
0.000437 0.891193 0.000324 0.108046 
0.046223 0.377462 0.191229 0.385087 
0.132612 0.336106 0.329451 0.201830 
0.430307 0.248265 0.229178 0.092250 
0.301624 0.024759 0.651437 0.022180 
0.055101 0.000431 0.943092 0.001376 
0.095237 0.349453 0.435445 0.119865 

MOTIF TFAP2A_M0083_1.02
letter-probability matrix: alength=4 w=10
0.163199 0.129667 0.108307 0.598826 
0.203446 0.349115 0.246017 0.201422 
0.001301 0.331377 0.667311 0.000011 
0.000045 0.999930 0.000011 0.000014 
0.000213 0.948115 0.000023 0.051649 
0.020037 0.286458 0.155647 0.537857 
0.106547 0.394882 0.390953 0.107618 
0.565281 0.177208 0.234469 0.023042 
0.100634 0.000093 0.899183 0.000091 
0.000120 0.000038 0.999823 0.000019 

MOTIF TFAP2A_M0084_1.02
letter-probability matrix: alength=4 w=10
0.194725 0.400049 0.150143 0.255083 
0.089600 0.325498 0.526030 0.058872 
0.000086 0.989917 0.000244 0.009753 
0.001248 0.813717 0.012325 0.172710 
0.070689 0.449572 0.225494 0.254244 
0.114154 0.272476 0.444767 0.168603 
0.586691 0.182089 0.161499 0.069721 
0.199175 0.001924 0.791701 0.007201 
0.019359 0.000265 0.975696 0.004679 
0.061747 0.509308 0.305837 0.123107 

MOTIF TFAP2A_M0085_1.02
letter-probability matrix: alength=4 w=10
0.213214 0.176319 0.135951 0.474516 
0.222124 0.321576 0.134725 0.321576 
0.004784 0.213834 0.753855 0.027528 
0.000431 0.961004 0.000168 0.038397 
0.000296 0.937765 0.000164 0.061775 
0.001274 0.327763 0.135950 0.535013 
0.122837 0.314460 0.391841 0.170862 
0.454990 0.254748 0.230506 0.059756 
0.118505 0.001133 0.841307 0.039054 
0.002871 0.001657 0.957955 0.037517 

MOTIF ARID3B_M0100_1.02
letter-probability matrix: alength=4 w=9
0.291915 0.144960 0.227343 0.335782 
0.215882 0.174991 0.098962 0.510165 
0.132132 0.113727 0.093112 0.661030 
0.094298 0.119876 0.053328 0.732498 
0.424515 0.033147 0.376511 0.165827 
0.997838 0.000417 0.001241 0.000504 
0.000418 0.000188 0.000095 0.999299 
0.254836 0.259984 0.081501 0.403679 
0.327605 0.204754 0.270916 0.196725 

MOTIF ARID3C_M0103_1.02
letter-probability matrix: alength=4 w=9
0.280526 0.184318 0.225127 0.310029 
0.226709 0.176561 0.107090 0.489639 
0.139203 0.122233 0.102098 0.636466 
0.115272 0.102237 0.056673 0.725817 
0.377683 0.049110 0.312329 0.260879 
0.967814 0.010125 0.010644 0.011416 
0.000386 0.000207 0.000101 0.999306 
0.294769 0.222782 0.115145 0.367305 
0.296025 0.225979 0.228250 0.249746 

MOTIF ARID3C_M0104_1.02
letter-probability matrix: alength=4 w=11
0.467943 0.177352 0.177352 0.177352 
0.273411 0.080067 0.080067 0.566454 
0.609177 0.119174 0.033749 0.237901 
0.104443 0.000141 0.000141 0.895276 
0.000141 0.000141 0.000141 0.999578 
0.999578 0.000141 0.000141 0.000141 
0.910941 0.000141 0.000141 0.088778 
0.088778 0.000141 0.000141 0.910941 
0.261793 0.167866 0.072788 0.497552 
0.489780 0.170073 0.170073 0.170073 
0.350824 0.216392 0.216392 0.216392 

MOTIF ARID3C_M0105_1.02
letter-probability matrix: alength=4 w=9
0.265180 0.185010 0.202433 0.347377 
0.185396 0.187259 0.108039 0.519306 
0.151265 0.141039 0.100387 0.607308 
0.095920 0.138866 0.056459 0.708755 
0.354424 0.113351 0.333784 0.198441 
0.739186 0.094212 0.057143 0.109459 
0.023279 0.024473 0.020037 0.932211 
0.285933 0.246105 0.089636 0.378326 
0.254088 0.232219 0.267115 0.246578 

MOTIF ARID3C_M0106_1.02
letter-probability matrix: alength=4 w=9
0.287207 0.137030 0.210651 0.365112 
0.219872 0.145918 0.076942 0.557268 
0.118816 0.076522 0.071348 0.733314 
0.070682 0.082120 0.060231 0.786967 
0.408983 0.039396 0.306027 0.245593 
0.964659 0.012327 0.013221 0.009794 
0.000826 0.017434 0.000894 0.980846 
0.322598 0.238987 0.092426 0.345989 
0.300945 0.229735 0.199722 0.269597 

MOTIF ARID5A_M0108_1.02
letter-probability matrix: alength=4 w=11
0.226414 0.226414 0.320759 0.226414 
0.368385 0.176936 0.277743 0.176936 
0.257042 0.149621 0.051093 0.542245 
0.902432 0.000155 0.097259 0.000155 
0.999535 0.000155 0.000155 0.000155 
0.000155 0.000155 0.000155 0.999535 
0.999535 0.000155 0.000155 0.000155 
0.000155 0.000155 0.000155 0.999535 
0.023741 0.023741 0.023741 0.928776 
0.177718 0.073219 0.466267 0.282795 
0.301956 0.199062 0.199062 0.299920 

MOTIF ARID3C_M0109_1.02
letter-probability matrix: alength=4 w=9
0.252147 0.208515 0.237463 0.301875 
0.224942 0.238851 0.146327 0.389881 
0.172090 0.177331 0.163697 0.486881 
0.160789 0.162405 0.109957 0.566849 
0.331941 0.110494 0.318925 0.238640 
0.779062 0.073559 0.109737 0.037641 
0.032265 0.106057 0.021199 0.840479 
0.283413 0.236726 0.157103 0.322758 
0.260040 0.257453 0.240047 0.242460 

MOTIF ARID5A_M0110_1.02
letter-probability matrix: alength=4 w=10
0.229320 0.255984 0.250916 0.263780 
0.194317 0.317186 0.177592 0.310905 
0.229015 0.255644 0.331553 0.183789 
0.525746 0.074800 0.294364 0.105090 
0.330068 0.122646 0.088173 0.459114 
0.930616 0.000580 0.049198 0.019606 
0.034070 0.021942 0.020255 0.923732 
0.151462 0.217095 0.053002 0.578440 
0.292785 0.179368 0.323578 0.204269 
0.247457 0.254993 0.242557 0.254993 

MOTIF HMGA2_M0122_1.02
letter-probability matrix: alength=4 w=9
0.245292 0.273814 0.242851 0.238043 
0.237806 0.293376 0.242610 0.226208 
0.216345 0.251357 0.297935 0.234364 
0.258630 0.241145 0.263855 0.236370 
0.502489 0.000517 0.411403 0.085591 
0.353817 0.295533 0.000353 0.350297 
0.360997 0.114305 0.184725 0.339974 
0.355533 0.121951 0.207186 0.315330 
0.338774 0.180428 0.203432 0.277365 

MOTIF HMGA2_M0132_1.02
letter-probability matrix: alength=4 w=10
0.237374 0.264976 0.264976 0.232674 
0.254916 0.278923 0.226090 0.240071 
0.234840 0.237201 0.304572 0.223387 
0.201961 0.286597 0.267221 0.244221 
0.601325 0.000225 0.320261 0.078189 
0.466521 0.184067 0.000331 0.349080 
0.391854 0.070168 0.064129 0.473849 
0.435120 0.083565 0.075612 0.405703 
0.376315 0.160843 0.160843 0.302000 
0.303804 0.236603 0.161804 0.297789 

MOTIF HMGA2_M0139_1.02
letter-probability matrix: alength=4 w=10
0.201025 0.307957 0.244501 0.246517 
0.321984 0.166011 0.320153 0.191852 
0.414247 0.188211 0.192640 0.204903 
0.431510 0.064433 0.100297 0.403760 
0.423723 0.047936 0.000049 0.528292 
0.528292 0.000049 0.047936 0.423723 
0.403760 0.100297 0.064433 0.431510 
0.204903 0.192640 0.188211 0.414247 
0.191852 0.320153 0.166011 0.321984 
0.246517 0.244501 0.307957 0.201025 

MOTIF MITF_M0174_1.02
letter-probability matrix: alength=4 w=10
0.280635 0.184390 0.316415 0.218559 
0.390544 0.069237 0.481806 0.058413 
0.073191 0.091202 0.083352 0.752255 
0.006168 0.991693 0.001767 0.000371 
0.893698 0.042750 0.012371 0.051181 
0.006567 0.707771 0.068178 0.217483 
0.151077 0.039956 0.794559 0.014408 
0.254645 0.242226 0.115569 0.387560 
0.035893 0.036253 0.863104 0.064750 
0.230459 0.225896 0.347260 0.196384 

MOTIF MNT_M0175_1.02
letter-probability matrix: alength=4 w=9
0.237177 0.246857 0.223365 0.292601 
0.263053 0.221929 0.327785 0.187233 
0.059666 0.787422 0.047407 0.105506 
0.799512 0.000774 0.059383 0.140331 
0.018558 0.805027 0.000347 0.176069 
0.048592 0.094015 0.857013 0.000380 
0.032567 0.226622 0.003298 0.737513 
0.075226 0.001633 0.788785 0.134356 
0.183543 0.327814 0.217554 0.271089 

MOTIF TFAP4_M0176_1.02
letter-probability matrix: alength=4 w=9
0.273464 0.424609 0.181484 0.120442 
0.097576 0.829341 0.039277 0.033806 
0.662486 0.056036 0.199537 0.081941 
0.043290 0.208081 0.467748 0.280880 
0.299713 0.470043 0.215471 0.014773 
0.004397 0.072302 0.015656 0.907645 
0.000715 0.000171 0.997439 0.001674 
0.378736 0.082010 0.275019 0.264235 
0.118253 0.228795 0.178185 0.474767 

MOTIF TWIST2_M0177_1.02
letter-probability matrix: alength=4 w=10
0.301828 0.199871 0.298430 0.199871 
0.282456 0.579511 0.069016 0.069016 
0.000139 0.999582 0.000139 0.000139 
0.999582 0.000139 0.000139 0.000139 
0.000139 0.217001 0.000139 0.782721 
0.789108 0.000139 0.210614 0.000139 
0.000139 0.000139 0.000139 0.999582 
0.000139 0.000139 0.999582 0.000139 
0.050268 0.050268 0.154736 0.744728 
0.181123 0.181123 0.272271 0.365483 

MOTIF ASCL2_M0178_1.02
letter-probability matrix: alength=4 w=10
0.315548 0.181281 0.304969 0.198202 
0.342567 0.215650 0.329096 0.112687 
0.036295 0.956859 0.000000 0.006845 
0.887445 0.026036 0.052040 0.034479 
0.022313 0.233167 0.582932 0.161589 
0.161589 0.582932 0.233167 0.022313 
0.034479 0.052040 0.026036 0.887445 
0.006845 0.000000 0.956859 0.036295 
0.112687 0.329096 0.215650 0.342567 
0.198202 0.304969 0.181281 0.315548 

MOTIF ARNT2_M0179_1.02
letter-probability matrix: alength=4 w=12
0.306611 0.231130 0.231130 0.231130 
0.341743 0.181842 0.294572 0.181842 
0.079056 0.079056 0.208948 0.632940 
0.095302 0.793287 0.019820 0.091591 
0.999459 0.000180 0.000180 0.000180 
0.154221 0.773647 0.000180 0.071951 
0.000180 0.000180 0.852206 0.147433 
0.000180 0.000180 0.000180 0.999459 
0.097610 0.019051 0.864288 0.019051 
0.265173 0.598151 0.068338 0.068338 
0.316182 0.171125 0.171125 0.341568 
0.230360 0.230360 0.230360 0.308919 

MOTIF ARNT2_M0180_1.02
letter-probability matrix: alength=4 w=10
0.441686 0.235875 0.161220 0.161220 
0.191879 0.187982 0.225189 0.394950 
0.000211 0.000211 0.265877 0.733701 
0.141244 0.708098 0.000211 0.150448 
0.929873 0.000211 0.069705 0.000211 
0.000211 0.496749 0.000211 0.502828 
0.362577 0.000211 0.566244 0.070969 
0.000211 0.000211 0.070969 0.928609 
0.157008 0.088991 0.665009 0.088991 
0.330549 0.403477 0.132987 0.132987 

MOTIF MLX_M0181_1.02
letter-probability matrix: alength=4 w=9
0.213190 0.185339 0.327729 0.273742 
0.340712 0.160941 0.265347 0.233000 
0.209405 0.197210 0.258338 0.335047 
0.000001 0.999579 0.000071 0.000349 
0.888940 0.000000 0.111055 0.000004 
0.000027 0.798969 0.000000 0.201004 
0.000000 0.076487 0.922526 0.000987 
0.097990 0.012742 0.112715 0.776553 
0.052222 0.053812 0.769317 0.124649 

MOTIF MLX_M0182_1.02
letter-probability matrix: alength=4 w=10
0.213490 0.315320 0.291077 0.180114 
0.120917 0.709888 0.074077 0.095117 
0.532339 0.092507 0.246480 0.128674 
0.018594 0.873768 0.029161 0.078478 
0.214454 0.050810 0.733697 0.001039 
0.018468 0.000035 0.050706 0.930792 
0.000057 0.000070 0.971682 0.028192 
0.357783 0.270406 0.190552 0.181259 
0.215087 0.284589 0.156186 0.344139 
0.253280 0.348799 0.182089 0.215831 

MOTIF HEY1_M0183_1.02
letter-probability matrix: alength=4 w=9
0.127939 0.141394 0.584966 0.145701 
0.373417 0.217608 0.219795 0.189179 
0.050354 0.853272 0.050354 0.046020 
0.802681 0.011681 0.158850 0.026788 
0.013844 0.914033 0.014848 0.057275 
0.054400 0.029264 0.903576 0.012761 
0.017038 0.146267 0.011652 0.825043 
0.010324 0.002043 0.967255 0.020378 
0.093895 0.524360 0.108005 0.273740 

MOTIF TCF4_M0184_1.02
letter-probability matrix: alength=4 w=9
0.267667 0.262367 0.202299 0.267667 
0.266552 0.251029 0.393692 0.088727 
0.012172 0.981588 0.003630 0.002610 
0.970200 0.006603 0.007749 0.015448 
0.005096 0.134094 0.852816 0.007993 
0.093201 0.112703 0.784273 0.009823 
0.001777 0.039843 0.000291 0.958089 
0.005090 0.000808 0.989542 0.004560 
0.062982 0.344762 0.233424 0.358832 

MOTIF TCF4_M0185_1.02
letter-probability matrix: alength=4 w=10
0.237628 0.215015 0.287351 0.260006 
0.312993 0.258833 0.209806 0.218368 
0.353091 0.239063 0.316311 0.091535 
0.029198 0.892551 0.011292 0.066959 
0.915203 0.009108 0.026820 0.048869 
0.000335 0.683085 0.146440 0.170140 
0.017149 0.707639 0.211016 0.064196 
0.036655 0.033500 0.030616 0.899229 
0.006384 0.008532 0.919470 0.065615 
0.111589 0.338602 0.306380 0.243429 

MOTIF TCF4_M0186_1.02
letter-probability matrix: alength=4 w=8
0.258484 0.297327 0.322090 0.122099 
0.021337 0.973045 0.003005 0.002613 
0.939038 0.031654 0.017547 0.011762 
0.006883 0.186627 0.803606 0.002884 
0.203145 0.138923 0.654532 0.003400 
0.004243 0.006926 0.001216 0.987615 
0.003302 0.000975 0.986837 0.008886 
0.117426 0.319197 0.253613 0.309764 

MOTIF SREBF2_M0187_1.02
letter-probability matrix: alength=4 w=10
0.393016 0.151995 0.362799 0.092190 
0.117172 0.118350 0.069661 0.694816 
0.128123 0.479620 0.327993 0.064264 
0.397372 0.002704 0.466320 0.133603 
0.000288 0.485023 0.315512 0.199177 
0.212693 0.139749 0.578160 0.069397 
0.099009 0.160007 0.002045 0.738939 
0.055450 0.025674 0.841747 0.077129 
0.578926 0.073052 0.141341 0.206681 
0.101129 0.261489 0.146407 0.490975 

MOTIF SREBF2_M0188_1.02
letter-probability matrix: alength=4 w=9
0.571172 0.110796 0.316616 0.001416 
0.160197 0.136511 0.060124 0.643168 
0.085304 0.817480 0.097147 0.000069 
0.711640 0.000000 0.190104 0.098256 
0.027171 0.615315 0.144335 0.213180 
0.158340 0.306355 0.466261 0.069044 
0.139616 0.440934 0.000021 0.419429 
0.070163 0.219384 0.539597 0.170856 
0.556484 0.094788 0.157849 0.190879 

MOTIF HES4_M0191_1.02
letter-probability matrix: alength=4 w=10
0.187192 0.257787 0.376958 0.178062 
0.208846 0.299345 0.396073 0.095736 
0.040193 0.874529 0.014206 0.071071 
0.742947 0.033469 0.141263 0.082321 
0.029223 0.832942 0.055978 0.081856 
0.164830 0.040647 0.768864 0.025660 
0.115790 0.469552 0.066805 0.347853 
0.058207 0.112619 0.661167 0.168007 
0.225947 0.301962 0.151457 0.320634 
0.217140 0.383962 0.198451 0.200446 

MOTIF HES7_M0192_1.02
letter-probability matrix: alength=4 w=10
0.227282 0.175246 0.397896 0.199575 
0.347982 0.154803 0.337698 0.159517 
0.144508 0.798981 0.033560 0.022950 
0.234584 0.082915 0.522077 0.160423 
0.028070 0.824446 0.025399 0.122084 
0.031607 0.017003 0.947070 0.004321 
0.045487 0.046406 0.021486 0.886622 
0.010821 0.004911 0.964354 0.019915 
0.095751 0.416445 0.242682 0.245121 
0.159861 0.443326 0.207329 0.189484 

MOTIF OLIG2_M0194_1.02
letter-probability matrix: alength=4 w=10
0.361199 0.183013 0.272775 0.183013 
0.138914 0.651658 0.134874 0.074555 
0.000046 0.999862 0.000046 0.000046 
0.999862 0.000046 0.000046 0.000046 
0.000046 0.000046 0.000046 0.999862 
0.999862 0.000046 0.000046 0.000046 
0.000046 0.000046 0.000046 0.999862 
0.000046 0.000046 0.999862 0.000046 
0.067033 0.298563 0.220536 0.413869 
0.175491 0.236272 0.175491 0.412746 

MOTIF MSC_M0195_1.02
letter-probability matrix: alength=4 w=10
0.349915 0.146774 0.278558 0.224752 
0.357002 0.417355 0.173504 0.052139 
0.139509 0.827857 0.032001 0.000633 
0.724593 0.000000 0.227645 0.047763 
0.064454 0.126184 0.294078 0.515285 
0.515285 0.294078 0.126184 0.064454 
0.047763 0.227645 0.000000 0.724593 
0.000633 0.032001 0.827857 0.139509 
0.052139 0.173504 0.417355 0.357002 
0.224752 0.278558 0.146774 0.349915 

MOTIF NPAS2_M0196_1.02
letter-probability matrix: alength=4 w=10
0.273313 0.176530 0.292754 0.257403 
0.154185 0.377249 0.420347 0.048219 
0.000226 0.999321 0.000226 0.000226 
0.999321 0.000226 0.000226 0.000226 
0.081100 0.918447 0.000226 0.000226 
0.081100 0.000226 0.918447 0.000226 
0.000226 0.000226 0.000226 0.999321 
0.081100 0.000226 0.918447 0.000226 
0.073697 0.172181 0.187665 0.566457 
0.297058 0.298928 0.202007 0.202007 

MOTIF USF1_M0197_1.02
letter-probability matrix: alength=4 w=11
0.233907 0.233907 0.233907 0.298278 
0.459617 0.123761 0.292862 0.123761 
0.017725 0.171968 0.153118 0.657189 
0.000135 0.999596 0.000135 0.000135 
0.999596 0.000135 0.000135 0.000135 
0.064505 0.935226 0.000135 0.000135 
0.000135 0.000135 0.935226 0.064505 
0.064505 0.000135 0.000135 0.935226 
0.016227 0.016227 0.951318 0.016227 
0.330773 0.196186 0.346666 0.126374 
0.232410 0.232410 0.302771 0.232410 

MOTIF C13orf38-SOHLH2_M0198_1.02
letter-probability matrix: alength=4 w=10
0.314175 0.219192 0.249622 0.217011 
0.209218 0.174753 0.434144 0.181885 
0.159171 0.387601 0.102512 0.350716 
0.253998 0.378920 0.186294 0.180788 
0.131112 0.769738 0.026471 0.072679 
0.075648 0.029847 0.894341 0.000165 
0.109744 0.024733 0.070679 0.794844 
0.000431 0.092665 0.896940 0.009964 
0.171237 0.574240 0.137421 0.117102 
0.291434 0.191486 0.303328 0.213752 

MOTIF HES4_M0199_1.02
letter-probability matrix: alength=4 w=13
0.214247 0.214247 0.214247 0.357260 
0.341052 0.197239 0.197239 0.264469 
0.341052 0.197239 0.197239 0.264469 
0.245377 0.332697 0.244578 0.177348 
0.082925 0.152323 0.681827 0.082925 
0.602961 0.000158 0.396723 0.000158 
0.281517 0.718168 0.000158 0.000158 
0.930129 0.000158 0.069555 0.000158 
0.174257 0.753921 0.035911 0.035911 
0.123235 0.052918 0.770928 0.052918 
0.052918 0.052918 0.052918 0.841245 
0.143126 0.072810 0.711254 0.072810 
0.237549 0.427986 0.167232 0.167232 

MOTIF NPAS2_M0200_1.02
letter-probability matrix: alength=4 w=10
0.239964 0.200309 0.336557 0.223170 
0.293276 0.320740 0.252774 0.133210 
0.162184 0.774560 0.028113 0.035143 
0.713119 0.054463 0.173280 0.059138 
0.027939 0.674388 0.047681 0.249993 
0.249993 0.047681 0.674388 0.027939 
0.059138 0.173280 0.054463 0.713119 
0.035143 0.028113 0.774560 0.162184 
0.133210 0.252774 0.320740 0.293276 
0.223170 0.336557 0.200309 0.239964 

MOTIF MITF_M0201_1.02
letter-probability matrix: alength=4 w=10
0.317421 0.183419 0.333604 0.165555 
0.190817 0.212307 0.221545 0.375331 
0.065189 0.842821 0.039209 0.052781 
0.673632 0.069570 0.110745 0.146054 
0.020029 0.798818 0.038881 0.142271 
0.142271 0.038881 0.798818 0.020029 
0.146054 0.110745 0.069570 0.673632 
0.052781 0.039209 0.842821 0.065189 
0.375331 0.221545 0.212307 0.190817 
0.165555 0.333604 0.183419 0.317421 

MOTIF MITF_M0202_1.02
letter-probability matrix: alength=4 w=10
0.280968 0.204025 0.289525 0.225482 
0.388583 0.108041 0.408506 0.094870 
0.108488 0.142115 0.143543 0.605853 
0.026996 0.958819 0.011424 0.002761 
0.775226 0.088513 0.037456 0.098806 
0.016809 0.659789 0.094814 0.228588 
0.191760 0.069148 0.710696 0.028396 
0.251525 0.190098 0.135306 0.423071 
0.053920 0.058411 0.786428 0.101241 
0.240583 0.217689 0.315155 0.226573 

MOTIF FIGLA_M0203_1.02
letter-probability matrix: alength=4 w=9
0.250583 0.381378 0.193213 0.174826 
0.013384 0.986426 0.000150 0.000039 
0.917989 0.033188 0.040132 0.008690 
0.008390 0.398232 0.570798 0.022579 
0.046180 0.314989 0.627999 0.010832 
0.001167 0.022070 0.000006 0.976757 
0.059828 0.014034 0.881371 0.044767 
0.176480 0.217719 0.308958 0.296844 
0.272826 0.167140 0.206197 0.353836 

MOTIF BHLHE40_M0204_1.02
letter-probability matrix: alength=4 w=9
0.194866 0.242818 0.404362 0.157955 
0.078462 0.056409 0.404487 0.460642 
0.000253 0.999507 0.000143 0.000096 
0.852074 0.027873 0.056130 0.063923 
0.005751 0.924659 0.023091 0.046499 
0.079188 0.024333 0.890538 0.005941 
0.086415 0.146814 0.095504 0.671267 
0.026260 0.029608 0.786851 0.157282 
0.323864 0.284383 0.092789 0.298964 

MOTIF BHLHE40_M0206_1.02
letter-probability matrix: alength=4 w=9
0.331290 0.180007 0.235803 0.252900 
0.194525 0.590259 0.130394 0.084822 
0.361693 0.131735 0.344053 0.162519 
0.024163 0.808217 0.053776 0.113844 
0.054750 0.033208 0.909397 0.002645 
0.019419 0.010552 0.020212 0.949817 
0.002054 0.000506 0.982111 0.015328 
0.436324 0.463304 0.031766 0.068606 
0.142252 0.406508 0.214348 0.236892 

MOTIF TCF4_M0207_1.02
letter-probability matrix: alength=4 w=9
0.245979 0.352569 0.300439 0.101013 
0.058813 0.919989 0.001025 0.020173 
0.872648 0.043447 0.042163 0.041743 
0.032068 0.136709 0.778878 0.052345 
0.252322 0.142694 0.578654 0.026330 
0.003499 0.021379 0.000159 0.974963 
0.048208 0.008462 0.930323 0.013008 
0.091245 0.302945 0.243119 0.362691 
0.223098 0.220878 0.275232 0.280792 

MOTIF MITF_M0208_1.02
letter-probability matrix: alength=4 w=10
0.274271 0.193275 0.312347 0.220107 
0.397562 0.081073 0.461902 0.059463 
0.077449 0.094597 0.100446 0.727507 
0.006596 0.988797 0.002736 0.001871 
0.881512 0.052021 0.015985 0.050483 
0.008133 0.724836 0.073402 0.193629 
0.156385 0.032862 0.798170 0.012583 
0.238338 0.191271 0.109256 0.461135 
0.027780 0.028341 0.883880 0.059999 
0.245119 0.215238 0.340953 0.198690 

MOTIF MYOD1_M0209_1.02
letter-probability matrix: alength=4 w=9
0.289475 0.254187 0.269905 0.186433 
0.052590 0.774738 0.052067 0.120605 
0.533145 0.105509 0.232478 0.128869 
0.266544 0.300527 0.261266 0.171664 
0.190214 0.458588 0.173843 0.177355 
0.000604 0.000378 0.000312 0.998705 
0.001765 0.002135 0.869844 0.126256 
0.234495 0.165246 0.146560 0.453699 
0.018343 0.468373 0.072187 0.441097 

MOTIF MYOD1_M0210_1.02
letter-probability matrix: alength=4 w=9
0.597222 0.001984 0.398810 0.001984 
0.886062 0.001106 0.001106 0.111726 
0.000996 0.997012 0.000996 0.000996 
0.997012 0.000996 0.000996 0.000996 
0.001106 0.001106 0.775442 0.222345 
0.222345 0.554204 0.001106 0.222345 
0.001106 0.001106 0.001106 0.996681 
0.001106 0.001106 0.996681 0.001106 
0.398810 0.200397 0.001984 0.398810 

MOTIF TCFL5_M0212_1.02
letter-probability matrix: alength=4 w=10
0.263325 0.202596 0.307948 0.226130 
0.113138 0.226680 0.364435 0.295747 
0.058154 0.874211 0.016939 0.050696 
0.372199 0.064471 0.336403 0.226927 
0.006221 0.903915 0.018504 0.071360 
0.071360 0.018504 0.903915 0.006221 
0.226927 0.336403 0.064471 0.372199 
0.050696 0.016939 0.874211 0.058154 
0.295747 0.364435 0.226680 0.113138 
0.226130 0.307948 0.202596 0.263325 

MOTIF OLIG2_M0213_1.02
letter-probability matrix: alength=4 w=11
0.201784 0.295980 0.300452 0.201784 
0.274925 0.079923 0.079923 0.565228 
0.731885 0.120705 0.024371 0.123039 
0.189822 0.517890 0.000302 0.291985 
0.195173 0.614669 0.000302 0.189856 
0.809704 0.000302 0.000302 0.189691 
0.000302 0.194479 0.093488 0.711731 
0.905907 0.000302 0.000302 0.093488 
0.243671 0.144721 0.237061 0.374546 
0.170379 0.170379 0.392660 0.266582 
0.225931 0.225931 0.322206 0.225931 

MOTIF ENSG00000187728_M0214_1.02
letter-probability matrix: alength=4 w=9
0.745050 0.002475 0.250000 0.002475 
0.747512 0.250000 0.001244 0.001244 
0.001244 0.996269 0.001244 0.001244 
0.996269 0.001244 0.001244 0.001244 
0.001244 0.001244 0.374378 0.623134 
0.623134 0.374378 0.001244 0.001244 
0.001244 0.001244 0.001244 0.996269 
0.001244 0.001244 0.996269 0.001244 
0.002475 0.002475 0.497525 0.497525 

MOTIF HES5_M0215_1.02
letter-probability matrix: alength=4 w=10
0.216882 0.223200 0.384442 0.175475 
0.345594 0.220337 0.348034 0.086035 
0.070888 0.898272 0.018035 0.012805 
0.587882 0.086790 0.237040 0.088289 
0.022632 0.821184 0.052593 0.103591 
0.103591 0.052593 0.821184 0.022632 
0.088289 0.237040 0.086790 0.587882 
0.012805 0.018035 0.898272 0.070888 
0.086035 0.348034 0.220337 0.345594 
0.175475 0.384442 0.223200 0.216882 

MOTIF NHLH2_M0216_1.02
letter-probability matrix: alength=4 w=10
0.282767 0.305521 0.171954 0.239759 
0.037628 0.037628 0.674128 0.250617 
0.000178 0.862732 0.000178 0.136912 
0.930537 0.000178 0.069106 0.000178 
0.071132 0.077413 0.714543 0.136912 
0.145218 0.714543 0.069106 0.071132 
0.000178 0.067984 0.000178 0.931660 
0.077413 0.000178 0.922231 0.000178 
0.152455 0.301874 0.078225 0.467447 
0.281479 0.212551 0.293420 0.212551 

MOTIF NEUROG1_M0217_1.02
letter-probability matrix: alength=4 w=10
0.424799 0.113479 0.235478 0.226244 
0.169637 0.592091 0.171342 0.066931 
0.271365 0.687777 0.026936 0.013922 
0.665113 0.034812 0.186785 0.113291 
0.001368 0.064301 0.143105 0.791225 
0.793894 0.140745 0.056090 0.009272 
0.075714 0.150952 0.010559 0.762775 
0.011683 0.000903 0.869711 0.117703 
0.038634 0.150525 0.421629 0.389213 
0.091763 0.270213 0.234912 0.403111 

MOTIF TCF4_M0219_1.02
letter-probability matrix: alength=4 w=9
0.241036 0.335274 0.300350 0.123340 
0.079879 0.889370 0.008763 0.021988 
0.848296 0.076190 0.045752 0.029762 
0.021618 0.169617 0.760169 0.048596 
0.258214 0.173086 0.546639 0.022061 
0.026426 0.033594 0.010744 0.929235 
0.027834 0.014824 0.903488 0.053853 
0.124622 0.309601 0.243541 0.322236 
0.223232 0.241825 0.278165 0.256778 

MOTIF ARNT2_M0220_1.02
letter-probability matrix: alength=4 w=10
0.250929 0.229332 0.261169 0.258571 
0.245912 0.124583 0.558342 0.071163 
0.061688 0.043908 0.142892 0.751513 
0.002732 0.997148 0.000037 0.000083 
0.953025 0.016113 0.010172 0.020690 
0.001939 0.965026 0.009414 0.023621 
0.048059 0.002671 0.946167 0.003103 
0.054023 0.057940 0.051388 0.836649 
0.009432 0.004113 0.938317 0.048139 
0.255140 0.330899 0.145739 0.268222 

MOTIF MAX_M0221_1.02
letter-probability matrix: alength=4 w=9
0.188660 0.365019 0.265058 0.181263 
0.161107 0.707733 0.075344 0.055816 
0.553702 0.064497 0.272224 0.109577 
0.016383 0.817513 0.076422 0.089682 
0.280383 0.069142 0.649469 0.001006 
0.058979 0.006216 0.030483 0.904321 
0.000165 0.000010 0.999805 0.000020 
0.194467 0.254745 0.333707 0.217080 
0.178079 0.273753 0.233277 0.314891 

MOTIF MAX_M0222_1.02
letter-probability matrix: alength=4 w=9
0.351977 0.203073 0.233590 0.211361 
0.227947 0.292690 0.234889 0.244475 
0.166972 0.733497 0.054479 0.045052 
0.619065 0.044177 0.239418 0.097340 
0.007651 0.849699 0.054865 0.087784 
0.330225 0.029072 0.638917 0.001786 
0.101740 0.020541 0.021594 0.856125 
0.000389 0.000049 0.968807 0.030755 
0.187081 0.245070 0.354796 0.213053 

MOTIF MAX_M0223_1.02
letter-probability matrix: alength=4 w=9
0.289595 0.241890 0.283861 0.184654 
0.208936 0.392300 0.215299 0.183466 
0.190230 0.670642 0.084626 0.054502 
0.482082 0.088953 0.313598 0.115366 
0.015362 0.797825 0.067484 0.119330 
0.289914 0.047446 0.658249 0.004391 
0.052344 0.021495 0.012156 0.914005 
0.000116 0.000018 0.999784 0.000082 
0.174078 0.304753 0.326850 0.194319 

MOTIF ATOH7_M0224_1.02
letter-probability matrix: alength=4 w=10
0.294121 0.202526 0.300826 0.202526 
0.303479 0.500296 0.098113 0.098113 
0.000011 0.999968 0.000011 0.000011 
0.999968 0.000011 0.000011 0.000011 
0.000011 0.000011 0.087923 0.912055 
0.912055 0.087923 0.000011 0.000011 
0.000011 0.000011 0.000011 0.999968 
0.000011 0.000011 0.999968 0.000011 
0.047484 0.118649 0.168178 0.665688 
0.151898 0.243456 0.221525 0.383121 

MOTIF USF1_M0225_1.02
letter-probability matrix: alength=4 w=10
0.326350 0.175680 0.322290 0.175680 
0.054832 0.117006 0.054832 0.773331 
0.000021 0.999938 0.000021 0.000021 
0.999938 0.000021 0.000021 0.000021 
0.000021 0.999938 0.000021 0.000021 
0.000021 0.000021 0.999938 0.000021 
0.000021 0.000021 0.000021 0.999938 
0.000021 0.000021 0.999938 0.000021 
0.202158 0.177035 0.370057 0.250750 
0.195189 0.195189 0.256649 0.352973 

MOTIF TFAP4_M0228_1.02
letter-probability matrix: alength=4 w=9
1.000000 0.000000 0.000000 0.000000 
0.000000 0.000000 0.000000 1.000000 
0.000000 1.000000 0.000000 0.000000 
1.000000 0.000000 0.000000 0.000000 
0.000000 0.000000 1.000000 0.000000 
0.000000 1.000000 0.000000 0.000000 
0.000000 0.000000 0.000000 1.000000 
0.000000 0.000000 1.000000 0.000000 
1.000000 0.000000 0.000000 0.000000 

MOTIF CEBPA_M0274_1.02
letter-probability matrix: alength=4 w=9
0.449938 0.179309 0.295631 0.075122 
0.100170 0.071298 0.034704 0.793828 
0.094310 0.063853 0.144978 0.696859 
0.306584 0.006395 0.466610 0.220411 
0.119374 0.591264 0.082456 0.206906 
0.267610 0.138315 0.441214 0.152861 
0.265499 0.311566 0.098653 0.324281 
0.474847 0.265866 0.121874 0.137413 
0.554946 0.149735 0.131482 0.163837 

MOTIF MAFK_M0290_1.02
letter-probability matrix: alength=4 w=10
0.317998 0.169363 0.213160 0.299479 
0.335740 0.132467 0.157014 0.374779 
0.311840 0.169439 0.110221 0.408500 
0.224835 0.184079 0.193517 0.397568 
0.110627 0.253703 0.053848 0.581822 
0.121552 0.112207 0.544759 0.221482 
0.185362 0.479292 0.124252 0.211095 
0.235995 0.224485 0.173090 0.366431 
0.225334 0.180834 0.356945 0.236887 
0.364404 0.206080 0.225487 0.204029 

MOTIF XBP1_M0291_1.02
letter-probability matrix: alength=4 w=10
0.230690 0.186994 0.327365 0.254952 
0.344385 0.219590 0.245123 0.190902 
0.195729 0.236685 0.118716 0.448870 
0.124074 0.196542 0.424484 0.254901 
0.875057 0.000288 0.122033 0.002623 
0.049908 0.720677 0.001222 0.228193 
0.190561 0.051934 0.561141 0.196364 
0.211100 0.240406 0.135956 0.412539 
0.270015 0.136794 0.353710 0.239482 
0.204838 0.192909 0.293600 0.308653 

MOTIF XBP1_M0292_1.02
letter-probability matrix: alength=4 w=9
0.257391 0.198462 0.311250 0.232897 
0.254425 0.249387 0.116630 0.379558 
0.173011 0.258102 0.318414 0.250474 
0.748740 0.000179 0.023299 0.227783 
0.000090 0.999847 0.000000 0.000064 
0.191375 0.092225 0.716397 0.000003 
0.000003 0.280452 0.001594 0.717951 
0.304634 0.160631 0.395089 0.139646 
0.193967 0.165288 0.301174 0.339572 

MOTIF TEF_M0293_1.02
letter-probability matrix: alength=4 w=10
0.209154 0.198953 0.276737 0.315156 
0.393309 0.153638 0.370405 0.082648 
0.067956 0.045099 0.059078 0.827868 
0.036385 0.049114 0.161442 0.753060 
0.645066 0.030550 0.232608 0.091776 
0.077480 0.544580 0.057398 0.320542 
0.252937 0.164538 0.479689 0.102836 
0.174732 0.252965 0.129444 0.442859 
0.368093 0.244285 0.225503 0.162120 
0.440205 0.171956 0.197797 0.190041 

MOTIF ATF1_M0294_1.02
letter-probability matrix: alength=4 w=10
0.260600 0.193057 0.290902 0.255440 
0.297930 0.203743 0.261611 0.236716 
0.174845 0.166318 0.245649 0.413188 
0.186210 0.177128 0.390283 0.246379 
0.445741 0.112139 0.281389 0.160732 
0.171869 0.422731 0.182497 0.222903 
0.256025 0.100011 0.480715 0.163249 
0.268049 0.185151 0.235372 0.311428 
0.340203 0.183010 0.278534 0.198253 
0.336613 0.151250 0.270138 0.241999 

MOTIF FOSL1_M0296_1.02
letter-probability matrix: alength=4 w=11
0.232400 0.232400 0.232400 0.302800 
0.232400 0.232400 0.302800 0.232400 
0.610342 0.103117 0.183423 0.103117 
0.000108 0.000108 0.000108 0.999677 
0.000108 0.000108 0.937311 0.062474 
0.999677 0.000108 0.000108 0.000108 
0.000108 0.999677 0.000108 0.000108 
0.000108 0.000108 0.513290 0.486494 
0.017708 0.566158 0.017708 0.398426 
0.628524 0.261855 0.091913 0.017708 
0.327839 0.254412 0.146991 0.270758 

MOTIF ATF1_M0297_1.02
letter-probability matrix: alength=4 w=9
0.357458 0.170548 0.361051 0.110943 
0.016538 0.109473 0.065084 0.808904 
0.001209 0.089107 0.665032 0.244652 
0.783865 0.024149 0.128283 0.063703 
0.032696 0.834861 0.002478 0.129965 
0.112813 0.046793 0.777229 0.063164 
0.152103 0.245811 0.086883 0.515203 
0.338131 0.263337 0.228934 0.169598 
0.290142 0.192553 0.254773 0.262532 

MOTIF ATF3_M0298_1.02
letter-probability matrix: alength=4 w=9
0.180173 0.245653 0.229045 0.345129 
0.180819 0.146569 0.458287 0.214325 
0.556878 0.113562 0.235650 0.093911 
0.020212 0.000716 0.000325 0.978747 
0.084476 0.056062 0.643206 0.216256 
0.854376 0.000259 0.030888 0.114477 
0.078044 0.669994 0.033357 0.218605 
0.230071 0.132739 0.463306 0.173884 
0.217065 0.252194 0.200376 0.330365 

MOTIF ATF7_M0300_1.02
letter-probability matrix: alength=4 w=10
0.291870 0.184253 0.277636 0.246241 
0.530199 0.133387 0.274034 0.062380 
0.035631 0.062379 0.001238 0.900752 
0.073796 0.082377 0.556301 0.287525 
0.757933 0.025806 0.125285 0.090976 
0.084682 0.638364 0.084682 0.192271 
0.156906 0.065082 0.710273 0.067738 
0.117142 0.166233 0.068950 0.647675 
0.368627 0.407396 0.102492 0.121484 
0.489340 0.124345 0.187365 0.198951 

MOTIF ATF3_M0302_1.02
letter-probability matrix: alength=4 w=10
0.226159 0.202601 0.358252 0.212988 
0.460836 0.137420 0.369830 0.031914 
0.004173 0.013179 0.001614 0.981035 
0.044273 0.036980 0.742765 0.175982 
0.987799 0.000325 0.000224 0.011652 
0.041156 0.637382 0.123639 0.197822 
0.166793 0.107421 0.496090 0.229696 
0.203168 0.294133 0.136187 0.366512 
0.366588 0.277061 0.220135 0.136216 
0.350480 0.202210 0.214714 0.232596 

MOTIF ATF3_M0303_1.02
letter-probability matrix: alength=4 w=10
0.233199 0.233199 0.300403 0.233199 
0.507982 0.164006 0.164006 0.164006 
0.000043 0.000043 0.000043 0.999872 
0.000043 0.000043 0.948614 0.051301 
0.999872 0.000043 0.000043 0.000043 
0.000043 0.999872 0.000043 0.000043 
0.000043 0.000043 0.766726 0.233189 
0.000043 0.281877 0.000043 0.718037 
0.516762 0.396651 0.069743 0.016844 
0.613651 0.136419 0.086037 0.163893 

MOTIF CEBPA_M0304_1.02
letter-probability matrix: alength=4 w=10
0.417594 0.193373 0.289850 0.099182 
0.070926 0.105762 0.069103 0.754210 
0.075979 0.046003 0.228470 0.649548 
0.348495 0.037506 0.334665 0.279334 
0.126578 0.520621 0.107184 0.245617 
0.245617 0.107184 0.520621 0.126578 
0.279334 0.334665 0.037506 0.348495 
0.649548 0.228470 0.046003 0.075979 
0.754210 0.069103 0.105762 0.070926 
0.099182 0.289850 0.193373 0.417594 

MOTIF CREB3L2_M0305_1.02
letter-probability matrix: alength=4 w=9
0.002475 0.002475 0.745050 0.250000 
0.250000 0.623134 0.001244 0.125622 
0.001244 0.871891 0.125622 0.001244 
0.996269 0.001244 0.001244 0.001244 
0.001244 0.996269 0.001244 0.001244 
0.001244 0.001244 0.996269 0.001244 
0.001244 0.001244 0.001244 0.996269 
0.001420 0.143466 0.853693 0.001420 
0.250000 0.002475 0.250000 0.497525 

MOTIF ATF5_M0306_1.02
letter-probability matrix: alength=4 w=13
0.225953 0.322141 0.225953 0.225953 
0.275447 0.272623 0.179259 0.272671 
0.419876 0.225846 0.223845 0.130433 
0.143666 0.141617 0.150860 0.563858 
0.117391 0.119440 0.152771 0.610399 
0.607710 0.000238 0.289208 0.102844 
0.093650 0.713348 0.000238 0.192764 
0.190971 0.093650 0.522049 0.193330 
0.220303 0.311922 0.024285 0.443490 
0.562908 0.199722 0.166391 0.070979 
0.345918 0.317568 0.119805 0.216709 
0.297141 0.298889 0.201985 0.201985 
0.226211 0.226211 0.226211 0.321368 

MOTIF MAFK_M0308_1.02
letter-probability matrix: alength=4 w=10
0.210236 0.241829 0.402717 0.145218 
0.137799 0.117425 0.127204 0.617572 
0.252961 0.530191 0.058747 0.158101 
0.595515 0.084726 0.143944 0.175814 
0.134960 0.017374 0.661809 0.185857 
0.085670 0.720903 0.101545 0.091882 
0.538447 0.049338 0.259482 0.152733 
0.320244 0.206249 0.186622 0.286886 
0.324774 0.156512 0.187379 0.331335 
0.306832 0.191770 0.155446 0.345952 

MOTIF ATF7_M0309_1.02
letter-probability matrix: alength=4 w=10
0.260002 0.181397 0.311279 0.247322 
0.577516 0.121357 0.289668 0.011459 
0.000019 0.055723 0.000006 0.944252 
0.074595 0.061073 0.579449 0.284883 
0.852748 0.005980 0.140958 0.000313 
0.000066 0.834717 0.000028 0.165189 
0.169554 0.075428 0.694486 0.060532 
0.133120 0.126628 0.087466 0.652787 
0.371994 0.440927 0.102399 0.084680 
0.527113 0.119991 0.170275 0.182621 

MOTIF JUN_M0311_1.02
letter-probability matrix: alength=4 w=9
0.450702 0.153776 0.153776 0.241746 
0.000261 0.090200 0.088232 0.821307 
0.090200 0.000261 0.643229 0.266310 
0.821199 0.000261 0.088232 0.090309 
0.000261 0.909169 0.000261 0.090309 
0.088232 0.000261 0.589375 0.322132 
0.092402 0.506026 0.000261 0.401311 
0.776245 0.133293 0.000261 0.090200 
0.408828 0.096485 0.186425 0.308262 

MOTIF CEBPG_M0313_1.02
letter-probability matrix: alength=4 w=10
0.231876 0.201583 0.288935 0.277606 
0.445882 0.170725 0.317366 0.066026 
0.064153 0.042152 0.047053 0.846642 
0.027177 0.055277 0.142931 0.774614 
0.304859 0.000145 0.492675 0.202320 
0.087581 0.673554 0.077678 0.161187 
0.302455 0.164339 0.376882 0.156324 
0.234880 0.313900 0.134166 0.317055 
0.391736 0.281628 0.160869 0.165768 
0.466130 0.183913 0.171480 0.178478 

MOTIF CEBPA_M0314_1.02
letter-probability matrix: alength=4 w=10
0.350536 0.196264 0.307804 0.145396 
0.100011 0.098030 0.099016 0.702944 
0.101466 0.066005 0.368604 0.463925 
0.346959 0.064664 0.292717 0.295659 
0.127064 0.413513 0.120867 0.338556 
0.113993 0.061938 0.739621 0.084448 
0.193829 0.481535 0.001853 0.322782 
0.884113 0.076293 0.035680 0.003914 
0.885718 0.020830 0.033328 0.060123 
0.107508 0.289329 0.216495 0.386668 

MOTIF CEBPA_M0315_1.02
letter-probability matrix: alength=4 w=10
0.431714 0.208047 0.298200 0.062039 
0.000768 0.000197 0.000189 0.998845 
0.000294 0.000168 0.000030 0.999508 
0.280621 0.000476 0.582311 0.136593 
0.088026 0.755689 0.045496 0.110789 
0.258429 0.120858 0.525642 0.095071 
0.244243 0.410824 0.024982 0.319950 
0.643236 0.294863 0.024693 0.037208 
0.847747 0.045267 0.061718 0.045267 
0.110259 0.293780 0.187322 0.408639 

MOTIF NFIL3_M0316_1.02
letter-probability matrix: alength=4 w=10
0.176462 0.172968 0.288041 0.362529 
0.560912 0.096502 0.320398 0.022188 
0.011530 0.008206 0.002843 0.977421 
0.001434 0.010080 0.167434 0.821052 
0.857324 0.000132 0.121975 0.020570 
0.031371 0.696365 0.042772 0.229493 
0.236286 0.159979 0.525864 0.077870 
0.167505 0.232995 0.144173 0.455327 
0.395826 0.293235 0.177856 0.133083 
0.545449 0.129232 0.164286 0.161033 

MOTIF TEF_M0317_1.02
letter-probability matrix: alength=4 w=10
0.214193 0.227438 0.251358 0.307010 
0.388243 0.196691 0.361995 0.053071 
0.093214 0.084343 0.076317 0.746126 
0.061688 0.045245 0.185320 0.707747 
0.644480 0.035461 0.237091 0.082967 
0.087379 0.454978 0.066039 0.391604 
0.303402 0.159982 0.457172 0.079445 
0.150066 0.252415 0.089217 0.508302 
0.560578 0.204173 0.145324 0.089924 
0.620357 0.104616 0.102544 0.172482 

MOTIF TEF_M0318_1.02
letter-probability matrix: alength=4 w=13
0.227605 0.227605 0.227605 0.317186 
0.317186 0.227605 0.227605 0.227605 
0.225575 0.058277 0.058277 0.657871 
0.193357 0.039156 0.121950 0.645538 
0.861849 0.020145 0.020145 0.097861 
0.157740 0.676007 0.000185 0.166067 
0.600658 0.000185 0.398971 0.000185 
0.000185 0.130427 0.076670 0.792718 
0.779729 0.022581 0.022581 0.175109 
0.779729 0.022581 0.098625 0.099065 
0.348232 0.267952 0.191908 0.191908 
0.211029 0.211029 0.287073 0.290868 
0.230040 0.230040 0.230040 0.309879 

MOTIF ATF1_M0319_1.02
letter-probability matrix: alength=4 w=10
0.183122 0.183122 0.270541 0.363215 
0.645397 0.087274 0.180054 0.087274 
0.000184 0.000184 0.000184 0.999448 
0.000184 0.000184 0.724689 0.274944 
0.999448 0.000184 0.000184 0.000184 
0.000184 0.999448 0.000184 0.000184 
0.000184 0.000184 0.999448 0.000184 
0.000184 0.000184 0.000184 0.999448 
0.547966 0.317911 0.067062 0.067062 
0.511272 0.162909 0.162909 0.162909 

MOTIF JUN_M0320_1.02
letter-probability matrix: alength=4 w=9
0.661184 0.003289 0.332237 0.003289 
0.001656 0.001656 0.001656 0.995033 
0.001656 0.001656 0.995033 0.001656 
0.995033 0.001656 0.001656 0.001656 
0.001656 0.995033 0.001656 0.001656 
0.001656 0.001656 0.332781 0.663907 
0.001656 0.829470 0.001656 0.167219 
0.829470 0.167219 0.001656 0.001656 
0.332237 0.332237 0.003289 0.332237 

MOTIF MAFB_M0321_1.02
letter-probability matrix: alength=4 w=13
0.310088 0.229971 0.229971 0.229971 
0.310088 0.229971 0.229971 0.229971 
0.388911 0.203696 0.203696 0.203696 
0.200318 0.175901 0.220542 0.403239 
0.020652 0.020652 0.020652 0.938043 
0.000209 0.000209 0.999374 0.000209 
0.000209 0.999374 0.000209 0.000209 
0.080326 0.000209 0.000209 0.919257 
0.020238 0.020238 0.939286 0.020238 
0.939286 0.020238 0.020238 0.020238 
0.046512 0.860463 0.046512 0.046512 
0.151778 0.247677 0.336617 0.263927 
0.229556 0.229556 0.229556 0.311331 

MOTIF JUN_M0322_1.02
letter-probability matrix: alength=4 w=9
0.449347 0.217469 0.202071 0.131113 
0.190651 0.000109 0.000109 0.809132 
0.000109 0.190651 0.809132 0.000109 
0.999674 0.000109 0.000109 0.000109 
0.000109 0.999674 0.000109 0.000109 
0.190651 0.000109 0.377050 0.432191 
0.000109 0.825140 0.000109 0.174643 
0.901880 0.097902 0.000109 0.000109 
0.216789 0.330350 0.118996 0.333866 

MOTIF HLF_M0323_1.02
letter-probability matrix: alength=4 w=13
0.230644 0.230644 0.230644 0.308069 
0.230644 0.230644 0.308069 0.230644 
0.195361 0.042431 0.042431 0.719777 
0.105121 0.022865 0.128036 0.743978 
0.853680 0.022865 0.100590 0.022865 
0.000176 0.673192 0.000176 0.326456 
0.236202 0.000176 0.687605 0.076018 
0.076018 0.420964 0.077601 0.425417 
0.790056 0.095374 0.019532 0.095037 
0.780883 0.097796 0.019532 0.101789 
0.376765 0.207745 0.207745 0.207745 
0.227311 0.227311 0.227311 0.318067 
0.318067 0.227311 0.227311 0.227311 

MOTIF EGR3_M0383_1.02
letter-probability matrix: alength=4 w=8
0.083611 0.665973 0.083611 0.166805 
0.000303 0.000303 0.999092 0.000303 
0.000303 0.091102 0.333232 0.575363 
0.030569 0.000303 0.968826 0.000303 
0.000303 0.000303 0.999092 0.000303 
0.000303 0.000303 0.999092 0.000303 
0.066911 0.566245 0.233356 0.133489 
0.042013 0.000416 0.915557 0.042013 

MOTIF OSR2_M0384_1.02
letter-probability matrix: alength=4 w=9
0.516980 0.286131 0.098444 0.098444 
0.000071 0.999788 0.000071 0.000071 
0.495526 0.000071 0.504333 0.000071 
0.000071 0.000071 0.999788 0.000071 
0.106383 0.000071 0.000071 0.893475 
0.999788 0.000071 0.000071 0.000071 
0.000071 0.000071 0.999788 0.000071 
